0,0.182071754,0.175100029,0.249326225,0,0,0,0,0.213509188
0.182071754,0,0.225593264,0.133969581,0,0,0,0,0
0.175100029,0.225593264,0,0.181670163,0.284543171,0,0,0,0
0.249326225,0.133969581,0.181670163,0,0,0.262279477,0,0,0
0,0,0.284543171,0,0,0.176478115,0.103185796,0.266093415,0
0,0,0,0.262279477,0.176478115,0,0.199237527,0.255275638,0
0,0,0,0,0.103185796,0.199237527,0,0.172545211,0
0,0,0,0,0.266093415,0.255275638,0.172545211,0,0
0.213509188,0,0,0,0,0,0,0,0
